p 15
i 0 4 18 4 25 27 12 13 9 1 30 7 6 25 28
i 4 0 14 7 24 5 9 16 18 24 9 13 30 19 22
i 18 14 0 2 3 23 2 29 11 16 22 11 17 24 28
i 4 7 2 0 27 23 16 2 4 23 29 23 22 24 23
i 25 24 3 27 0 13 13 6 18 24 30 22 21 14 16
i 27 5 23 23 13 0 15 16 18 16 23 18 23 19 21
i 12 9 2 16 13 15 0 3 18 4 15 26 13 4 8
i 13 16 29 2 6 16 3 0 12 19 26 19 8 15 28
i 9 18 11 4 18 18 18 12 0 20 4 27 12 5 7
i 1 24 16 23 24 16 4 19 20 0 21 24 18 22 27
i 30 9 22 29 30 23 15 26 4 21 0 15 2 4 25
i 7 13 11 23 22 18 26 19 27 24 15 0 3 19 25
i 6 30 17 22 21 23 13 8 12 18 2 3 0 6 18
i 25 19 24 24 14 19 4 15 5 22 4 19 6 0 28
i 28 22 28 23 16 21 8 28 7 27 25 25 18 28 0
